297
0 13 0 2
2 62
3 4 3 62 3 63
4 63 4 64
5 64 5 8
7 11 7 12 7 79
8 9 8 10 8 11 8 12
9 11 9 12 9 79
10 11
11 79
12 79
1 15 1 20 1 23 1 24 1 43 1 46 1 48 1 54 1 55
14 20 14 25 14 48
16 17
17 19 17 18 17 21
18 29
19 22 19 24 19 21
20 24 20 25
21 25 21 31
22 23 22 24
23 24
24 25
26 39 26 41 26 75 26 76
27 31 27 34 27 50
28 30 28 31
29 30 29 65
30 31 30 32 30 65 30 70
31 70 31 34 31 71
32 65 32 66 32 67 32 68 32 70
33 69 33 68 33 70 33 71 33 72
34 35 34 36 34 37 34 71 34 73
35 36
36 37 36 38
37 73 37 38 37 40 37 41 37 74
38 39 38 40
39 40 39 75
40 75 40 41 40 76
41 76
42 44
43 44 43 46
45 60
46 47 46 55 46 56 46 57 46 58 46 51
47 58 47 59
48 49 48 52 48 54
49 50 49 52 49 77 49 78
50 77 50 78
52 53 52 54 52 77
53 77
54 55 54 56
55 56
56 57
57 58
58 59
59 60
60 61
62 63
65 66
66 67
67 68 67 69
68 70 68 69
69 70
70 71
71 73 71 72
72 73 72 74
73 74
75 76
144
13 16 13 17 13 19
2 3 2 4 2 5 2 6 2 63 2 64
4 2 4 62
6 4 6 31 6 35 6 39 6 41 6 74
14 21
16 13 16 15 16 17 16 18 16 19 16 26 16 27 16 34 16 39 16 45 16 56 16 57 16 58 16 75
17 27 17 30 17 37 17 49 17 65 17 70 17 71 17 72 17 73
27 28 27 49 27 52 27 53 27 54 27 77 27 78
31 49 31 50 31 52 31 78
42 46
46 42
49 27 49 53
50 31 50 52 50 53 50 54
52 51 52 27 52 31
53 27 53 31 53 28 53 49 53 50 53 54
54 50 54 53 54 49




